1.. 1110111 111111111111.

11111 1011011 11. 117. . XIV, 94.
Ingena 1141111 XVI, 441. 14111 114. 11401 XX, 41. Ι
ingentem 1011111111,94. 141111,11. 1,144. 11,141.
lflhstmoculh vu22⁵e ΧΠ, 1911 xm, 1⁶} xv,
«1111111111 11011 XVI, 117. 116. XVI, 11. 1111,170. XXI,
1111111111 011111, 114. 141. 1911111111,144.-41-
104101 1110111 iniunt 1111 1111,16.·11101111,·70.
1111111111,109.111,41.111 1111111111,1.
101401111111 XII, 47. 1111001 1011111111 111111, 61.
inita 1110111111 1111011111 17,.111 111, 4ο.- -111411111 in 11011
110911111111111164 41011119111110110111,
101101 11141011 111 4,,4.- -1011 14.111 11 1411011111, 144.
111,74. 1011011 10111111,101. ent 1111110111 11, 144. 111401
1011011 114011 1, 6. teditque XV, 111. 1111 1111141
101111101111, 194. 1011111, 10. 11111111, 14. ··
101111110101111, 144. per 1111 114111111,117.
11111401 1111, 110. 111111 XI, 79.
1011401011 1111101111,101.11111,44. 11111,111. xvui,
10101110 vomere 1111,40.104.
1111101011110 nonin: Viii, 40. 1111110111,104. 1111,104.
1111110111 0111101 XVII, 71. 1111011 1111111 11111,119. arn·
1111111 xvi, 411. . 11000 11, 11.
10111111111101111401111111, 144. 104110041 1,110. XVI, 101.·-
10111111110 111111 11111,14. 11111011 11, 41.
inter 11 iniens 1010011111, 100. 4041111 11011 XVI, 1194104111 bn·
- 10011111 11111,119. 10 iI, 47.
10111011 1111 111,114. 11141110 1411110 1111, 44.
interrogationes 111,11. 4141111111 11111,11.
1011111111 1111111111,144. jungere 0101111 11, 94. xvm,
101111 XXI, 19. 101. - apin III, 107.
111111111 111011 1, 104. - 110411 411104111111111111111111,419.
11,7. 11111111 iicon 11111,1. 1111011
Invenies 1111 111. 1111,11. 10110111111111111,144.111111,
invideo 1101110, 11 XIII, 147. leni XXI, 144.
Invidiam 9111111111,17. 11111101 4111111, 44. 100 71111
1111111011 114. 1111111011 XVII, 101. 1111 ,.117
-11010111,ι44.-110111111, 41111,144.-11111111,11.
44. - 11 1111111011 XII, 74.-
1111111011111, 4. ' 4111114111 1111,4. 1111111111,
1111111 0111111111,4.1111111101 159·- ...111 nunc 11,41.- ¹
socon 1111111 1111,14.1111111 ,4444114444
114011 XVIII, 114. 1011111011 4444441141110 111,149. 40110
1111111011 10111111,ιο.1.ω4ινι,,1..4.... 4111111111 ¹

11111111 011011 cuipam XVII, 114. xx, '3⁸’
1191011111111.]11101 1111 11, 1411141111 011·
10111 1111111 11,114.-411111 thiu, ¹¹6 444 pu, μω

 

